# Created by Octave 4.0.0, Thu May 09 23:11:00 2019 CEST <morphy@morphy-pc>
# name: x
# type: matrix
# rows: 1
# columns: 9
 0.05 0.2 0.24 0.35 0.48 0.5 0.61 0.74 0.85


# name: y
# type: matrix
# rows: 1
# columns: 9
 -4.91 -4.68 -4.55 -4.23 -3.98 -4 -3.75 -3.42 -3.31


